12802
52227
3600
15387
50205
34856
1002547
54324
30261
1002554
32827
50235
50751
3649
52296
30797
27728
21074
10323
50259
13914
1127
15976
1002601
32368
4720
28794
10371
3715
33415
20625
24725
52374
3737
28315
51868
31389
55457
54945
55467
3756
3767
51389
22720
23749
29383
52434
53981
10462
33004
54508
31988
1001204
35064
32512
11010
35592
55561
50455
11550
35103
54566
33065
50476
26934
20794
13128
4938
1000781
51022
33625
50019
33640
1000816
13688
21378
54149
1000838
52615
28040
54162
54173
50078
33193
33705
51631
20913
1002418
34739
32704
55744
55235
50117
54215
34275
32234
50164
51703
28154
17403
